296
297
338
339
340
382
487
505
574
675
918
919
920
921
922
923
924
925
926
927
928
929
930
931
1187
1206
1502
1503
1504
1505
1506
1507
1508
1509
1510
1511
1512
3125
3238
3250
3950
3951
3952
3954
3955
3956
3961
3966
4031
4043
4172
4173
4250
4252
4304
5225
5227
5251
5361
5362
5363
5364
5366
5372
5675
5677
5789
5907
5926
5961
6978
7030
7197
7202
7207
7347
7599
7693
8907
8912
9244
9800
10152
11170
11173
11840
11886
11889
11891
11893
11894
11895
12284
12286
12287
12288
12440
12442
12443
12444
12445
12446
12447
12448
12449
12451
12452
12453
12454
12455
12456
12457
12458
12460
12461
12462
12463
12464
12465
12466
12467
12469
12470
12471
12472
12473
12474
12475
12892
12963
13186
13347
13673
14100
14102
14103
14104
14105
14106
14107
14108
14109
14110
14111
14112
14113
14114
14115
14116
14117
14118
14119
14120
14121
14122
14123
14124
14125
14126
14127
14128
14129
14169
14171
14172
14173
14174
14175
14176
14177
14178
14179
14180
14181
14182
14183
14184
14185
14186
14187
14188
14189
14190
14191
14192
14193
14194
14195
14196
14197
14198
14481
15754
15756
15757
15758
15759
15760
15761
15762
15763
15764
15765
15766
15767
15768
15769
15770
15771
15772
15773
15774
15775
15776
15777
15778
15779
15780
15781
15782
15783
15819
15820
16904
16998
17055
17620
20747
21551
21552
21553
21554
24647
24648
24772
24843
25013
25071
25226
25227
25355
25731
25733
25734
25735
25799
25800
35656
35657
35661
35665
51211
51212
51216
51220
62500
62501
62502
62503
62504
62505
62506
62507
62508
62509
63465
63466
63467
63469
63636
64134
64135
64136
64139
64142
64143
64144
64618
64619
64660
64661
64662
64704
64809
64827
64896
64997
65240
65241
65242
65243
65244
65245
65246
65247
65248
65249
65250
65251
65252
65253
65509
65528
65824
65825
65826
65827
65828
65829
65830
65831
65832
65833
65834
67447
67560
67572
68272
68273
68274
68276
68277
68278
68283
68288
68353
68365
68494
68495
68572
68574
68626
69547
69549
69573
69683
69684
69685
69686
69688
69694
69997
69999
70111
70229
70248
70283
71300
71352
71519
71524
71529
71669
71921
72015
73229
73234
73566
74122
74474
75492
75495
76162
76208
76211
76213
76215
76216
76217
76606
76608
76609
76610
76762
76764
76765
76766
76767
76768
76769
76770
76771
76773
76774
76775
76776
76777
76778
76779
76780
76782
76783
76784
76785
76786
76787
76788
76789
76791
76792
76793
76794
76795
76796
76797
77214
77285
77508
77669
77995
78422
78424
78425
78426
78427
78428
78429
78430
78431
78432
78433
78434
78435
78436
78437
78438
78439
78440
78441
78442
78443
78444
78445
78446
78447
78448
78449
78450
78451
78491
78493
78494
78495
78496
78497
78498
78499
78500
78501
78502
78503
78504
78505
78506
78507
78508
78509
78510
78511
78512
78513
78514
78515
78516
78517
78518
78519
78520
78803
80076
80078
80079
80080
80081
80082
80083
80084
80085
80086
80087
80088
80089
80090
80091
80092
80093
80094
80095
80096
80097
80098
80099
80100
80101
80102
80103
80104
80105
80141
80142
81226
81320
81377
81942
85069
85873
85874
85875
85876
88969
88970
89094
89165
89335
89393
89548
89549
89677
90053
90055
90056
90057
90121
90122
99978
99979
99983
99987
115533
115534
115538
115542
126822
126823
126824
126825
126826
126827
126828
126829
126830
126831
127787
127788
127789
127791
127958
128456
128457
128458
128461
128464
128465
128466
